0.100000E+01
0.108739E+01
0.118241E+01
0.128574E+01
0.139810E+01
0.152028E+01
0.165313E+01
0.179759E+01
0.195468E+01
0.212549E+01
0.231124E+01
0.251321E+01
0.273283E+01
0.297165E+01
0.323134E+01
0.351372E+01
0.382077E+01
0.415466E+01
0.451773E+01
0.491252E+01
0.534182E+01
0.580862E+01
0.631623E+01
0.686819E+01
0.746838E+01
0.812103E+01
0.883071E+01
0.960240E+01
0.104415E+02
0.113540E+02
0.123462E+02
0.134251E+02
0.145983E+02
0.158740E+02
0.172612E+02
0.187696E+02
0.204099E+02
0.221934E+02
0.241329E+02
0.262418E+02
0.285350E+02
0.310286E+02
0.337401E+02
0.366886E+02
0.398947E+02
0.433810E+02
0.471720E+02
0.512943E+02
0.557768E+02
0.606510E+02
0.659511E+02
0.717144E+02
0.779814E+02
0.847960E+02
0.922062E+02
0.100264E+03
0.109026E+03
0.118553E+03
0.128913E+03
0.140179E+03
0.152429E+03
0.165749E+03
0.180234E+03
0.195984E+03
0.213110E+03
0.231734E+03
0.251984E+03
0.274005E+03
0.297949E+03
0.323986E+03
0.352299E+03
0.383085E+03
0.416562E+03
0.452965E+03
0.492548E+03
0.535591E+03
0.582395E+03
0.633289E+03
0.688631E+03
0.748809E+03
0.814246E+03
0.885401E+03
0.962774E+03
0.104691E+04
0.113840E+04
0.123788E+04
0.134605E+04
0.146368E+04
0.159159E+04
0.173068E+04
0.188191E+04
0.204637E+04
0.222520E+04
0.241965E+04
0.263110E+04
0.286103E+04
0.311105E+04
0.338292E+04
0.367854E+04
0.400000E+04
